 <pre>

 Contingency table for Rh2m (%)
 Selection: METCOOP    519 stations
Period: 20230415-20230515
Used {00,06,12,18} + 03 06 ... 48
 Limits    30.000000000000000        50.000000000000000        65.000000000000000        75.000000000000000        85.000000000000000        95.000000000000000        100.00000000000000     
 Each class is data <= limit, the very last > last limit
 Total number of values      939087
                                              OBSERVATION
                                   3554      914       36        4        1        0        0        0 |      4509
                                  28542    74102    12296     1929      590      164       39        0 |    117662
                                   4500    67716    72308    22919     9672     3478      352        0 |    180945
              43h22_ref_spring      849    20389    55821    42909    25872    11079     1668        0 |    158587
                                    128     7809    33062    46782    53438    31537     5502        0 |    178258
                                     10     2044    13677    27858    54471    74832    26740        0 |    199632
                                      1      176     1677     4901    13608    35944    42804        0 |     99111
                                      0        0        0        0       11       67      305        0 |       383

                    SUM           37584   173150   188877   147302   157663   157101    77410        0 |    939087
                                              OBSERVATION
                                   2786      790       27        4        0        0        0        0 |      3607
                                  29105    72616    11853     2008      595      184       45        0 |    116406
                                   4738    68902    72181    23425     9885     3524      389        0 |    183044
             val46h1rc1_spring      768    20459    55444    42796    26583    11267     1605        0 |    158922
                                    173     7789    32410    45059    52222    31594     5478        0 |    174725
                                     13     2398    15062    28605    53975    73923    26280        0 |    200256
                                      1      196     1900     5405    14395    36561    43370        0 |    101828
                                      0        0        0        0        8       48      243        0 |       299

                    SUM           37584   173150   188877   147302   157663   157101    77410        0 |    939087

