 <pre>

 Contingency table for Cloud cover (octas)
 Selection: METCOOP    213 stations
Period: 20230415-20230515
Used {00,06,12,18} + 03 06 ... 48
 Limits   0.50000000000000000        1.5000000000000000        2.5000000000000000        3.5000000000000000        4.5000000000000000        5.5000000000000000        6.5000000000000000        7.5000000000000000     
 Each class is data <= limit, the very last > last limit
 Total number of values      358189
                                                       OBSERVATION
                                  80169     5697     2362     2114     1429     1481     1243     2522     2887 |     99904
                                  12633     1654      940      956      686      983      730     1664     1801 |     22047
                                   7640     1090      569      624      478      635      589     1289     1358 |     14272
                                   6320      946      520      535      459      575      514     1275     1262 |     12406
              43h22_ref_spring     5805      912      489      565      444      702      542     1363     1341 |     12163
                                   5668      905      495      565      427      626      574     1602     1589 |     12451
                                   6877     1118      558      703      490      817      712     1957     2095 |     15327
                                  10838     1690      872      998      824     1228     1131     3568     3692 |     24841
                                  28607     6621     3174     4244     3377     5892     5695    25235    61933 |    144778

                    SUM          164557    20633     9979    11304     8614    12939    11730    40475    77958 |    358189
                                                       OBSERVATION
                                  88426     7524     3487     3282     2294     2811     2230     5038     5590 |    120682
                                   9735     1288      729      826      677      887      739     1957     1983 |     18821
                                   6362      868      510      499      422      639      513     1366     1440 |     12619
                                   5277      750      363      435      326      485      472     1223     1288 |     10619
             val46h1rc1_spring     4874      689      340      417      340      491      418     1245     1255 |     10069
                                   5052      767      385      420      355      505      490     1329     1424 |     10727
                                   6416      903      460      517      382      652      594     1708     1788 |     13420
                                  10302     1489      687      842      681      978      950     2944     3222 |     22095
                                  28113     6355     3018     4066     3137     5491     5324    23665    59968 |    139137

                    SUM          164557    20633     9979    11304     8614    12939    11730    40475    77958 |    358189

