 <pre>

 Contingency table for Cloud cover (octas)
 Selection: Estonia     18 stations
Period: 20230415-20230515
Used {00,06,12,18} + 03 06 ... 48
 Limits   0.50000000000000000        1.5000000000000000        2.5000000000000000        3.5000000000000000        4.5000000000000000        5.5000000000000000        6.5000000000000000        7.5000000000000000     
 Each class is data <= limit, the very last > last limit
 Total number of values       34068
                                                       OBSERVATION
                                   9010      654      378      180      206      185      170      369      110 |     11262
                                   1431      213      131       95       85      110      106      257       61 |      2489
                                    919      136       76       64       59       68       75      192       46 |      1635
                                    776      128       78       47       54       81       72      200       53 |      1489
              43h22_ref_spring      662      111       70       51       52       66       70      232       51 |      1365
                                    612       90       67       49       48       81       83      278       59 |      1367
                                    813      109       76       55       65       63       98      349       76 |      1704
                                   1119      166      122       99       84      101      116      482      132 |      2421
                                   2018      574      315      332      336      466      559     3515     2221 |     10336

                    SUM           17360     2181     1313      972      989     1221     1349     5874     2809 |     34068
                                                       OBSERVATION
                                   9997      886      513      309      301      323      308      794      205 |     13636
                                   1037      142      105       82       80      104      109      301       60 |      2020
                                    740       89       56       35       42       60       64      228       52 |      1366
                                    656       84       56       32       52       51       54      194       45 |      1224
             val46h1rc1_spring      567       75       48       49       37       42       58      173       52 |      1101
                                    594       68       53       45       31       48       64      200       51 |      1154
                                    767      103       64       44       45       52       57      259       72 |      1463
                                   1077      161       89       67       70       92       86      395      121 |      2158
                                   1925      573      329      309      331      449      549     3330     2151 |      9946

                    SUM           17360     2181     1313      972      989     1221     1349     5874     2809 |     34068

