 <pre>

 Contingency table for Cloud cover (octas)
 Selection: Sweden    108 stations
Period: 20230415-20230515
Used {00,06,12,18} + 03 06 ... 48
 Limits   0.50000000000000000        1.5000000000000000        2.5000000000000000        3.5000000000000000        4.5000000000000000        5.5000000000000000        6.5000000000000000        7.5000000000000000     
 Each class is data <= limit, the very last > last limit
 Total number of values      181848
                                                       OBSERVATION
                                  51255     1996      894      873      687      574      613      859     1838 |     59589
                                   7354      677      392      377      316      326      322      463     1068 |     11295
                                   4351      420      252      251      260      247      244      384      789 |      7198
                                   3696      348      237      228      241      233      232      348      728 |      6291
              43h22_ref_spring     3322      405      199      188      236      279      243      390      802 |      6064
                                   3257      344      229      222      206      225      260      422      923 |      6088
                                   4033      413      249      270      255      272      289      463     1181 |      7425
                                   6419      639      382      368      406      424      423      895     2112 |     12068
                                  17398     2965     1615     1876     1500     2158     2284     4945    31089 |     65830

                    SUM          101085     8207     4449     4653     4107     4738     4910     9169    40530 |    181848
                                                       OBSERVATION
                                  55170     2701     1335     1324     1108     1047     1004     1455     3354 |     68498
                                   5881      502      328      325      346      315      340      565     1104 |      9706
                                   3829      335      235      188      212      239      199      386      831 |      6454
                                   3199      296      168      169      162      178      208      324      730 |      5434
             val46h1rc1_spring     2907      265      139      160      172      181      164      301      698 |      4987
                                   2943      323      173      162      162      153      192      325      794 |      5227
                                   3856      367      231      213      185      224      245      417     1041 |      6779
                                   6122      576      329      320      339      399      368      678     1770 |     10901
                                  17178     2842     1511     1792     1421     2002     2190     4718    30208 |     63862

                    SUM          101085     8207     4449     4653     4107     4738     4910     9169    40530 |    181848

