 <pre>

 Contingency table for Visibility (m)
 Selection: ALL    707 stations
Period: 20230415-20230515
Used {00,06,12,18} + 03 06 ... 48
 Limits    1000.0000000000000        5000.0000000000000        10000.000000000000        20000.000000000000     
 Each class is data <= limit, the very last > last limit
 Total number of values     1231888
                                     OBSERVATION
                                   3948     4164     2811     2859     2590 |     16372
                                   5701    19771    21068    28223    32239 |    107002
              43h22_ref_spring     1593     6320    15299    30028    48192 |    101432
                                    977     4747    23180    66685   156628 |    252217
                                   1032     5724    47360   202141   498608 |    754865

                    SUM           13251    40726   109718   329936   738257 |   1231888
                                     OBSERVATION
                                   4148     4077     2672     2892     2936 |     16725
                                   5584    19888    20932    28534    33500 |    108438
             val46h1rc1_spring     1697     7290    17762    36046    57968 |    120763
                                   1184     5772    27645    80348   188556 |    303505
                                    638     3699    40707   182116   455297 |    682457

                    SUM           13251    40726   109718   329936   738257 |   1231888

