 <pre>

 Contingency table for Visibility (m)
 Selection: Sweden    160 stations
Period: 20230415-20230515
Used {00,06,12,18} + 03 06 ... 48
 Limits    1000.0000000000000        5000.0000000000000        10000.000000000000        20000.000000000000     
 Each class is data <= limit, the very last > last limit
 Total number of values      251572
                                     OBSERVATION
                                    895     1225      606      454      940 |      4120
                                   1553     6740     3052     2941    11273 |     25559
              43h22_ref_spring      211      718      819     1267    12338 |     15353
                                    156      375      655     1754    37285 |     40225
                                    266      758     1201     5246   158844 |    166315

                    SUM            3081     9816     6333    11662   220680 |    251572
                                     OBSERVATION
                                    969     1281      555      460      998 |      4263
                                   1551     6791     3157     3010    12052 |     26561
             val46h1rc1_spring      231      764      969     1566    14588 |     18118
                                    179      490      813     2153    43937 |     47572
                                    151      490      839     4473   149105 |    155058

                    SUM            3081     9816     6333    11662   220680 |    251572

