 <pre>

 Contingency table for Low clouds (octas)
 Selection: Sweden    125 stations
Period: 20230415-20230515
Used {00,06,12,18} + 03 06 ... 48
 Limits    1.0000000000000000        2.0000000000000000        3.0000000000000000        4.0000000000000000        5.0000000000000000        6.0000000000000000        7.0000000000000000     
 Each class is data <= limit, the very last > last limit
 Total number of values      178494
                                              OBSERVATION
                                 122414     1559     1159      877      723      860      944     2497 |    131033
                                   2876      228      176      219      159      151      277      587 |      4673
                                   1985      232      159      167      147      149      231      444 |      3514
              43h22_ref_spring     1494      200      163      167      154      135      195      471 |      2979
                                   1213      191      155      178      116      161      178      504 |      2696
                                   1102      218      139      178      148      141      191      551 |      2668
                                   1213      272      193      261      182      211      230      874 |      3436
                                   3073     1647     1208     1728     1237     1547     2084    14971 |     27495

                    SUM          135370     4547     3352     3775     2866     3355     4330    20899 |    178494
                                              OBSERVATION
                                 127194     2013     1535     1302      998     1188     1419     3640 |    139289
                                   1483      199      137      167      151      147      204      481 |      2969
                                   1006      158      119      138      105      129      183      378 |      2216
             val46h1rc1_spring      717      152       88      110      104       93      132      312 |      1708
                                    606      118       86      117       97       79      122      351 |      1576
                                    555      155       82      136      102       80      153      407 |      1670
                                    788      173      121      174      119      150      175      643 |      2343
                                   3021     1579     1184     1631     1190     1489     1942    14687 |     26723

                    SUM          135370     4547     3352     3775     2866     3355     4330    20899 |    178494

