 <pre>

 Contingency table for Visibility (m)
 Selection: Denmark     23 stations
Period: 20230415-20230515
Used {00,06,12,18} + 03 06 ... 48
 Limits    1000.0000000000000        5000.0000000000000        10000.000000000000        20000.000000000000     
 Each class is data <= limit, the very last > last limit
 Total number of values       34032
                                     OBSERVATION
                                     11       52       13       12       26 |       114
                                     25      158      340      343      406 |      1272
              43h22_ref_spring       16       80      274      611     1449 |      2430
                                     26       70      240      997     5474 |      6807
                                     26       75      407     2992    19909 |     23409

                    SUM             104      435     1274     4955    27264 |     34032
                                     OBSERVATION
                                     13       42        8        9       20 |        92
                                     26      170      330      333      426 |      1285
             val46h1rc1_spring       17       97      320      721     1790 |      2945
                                     32       74      267     1255     6392 |      8020
                                     16       52      349     2637    18636 |     21690

                    SUM             104      435     1274     4955    27264 |     34032

