 <pre>

 Contingency table for Rh2m (%)
 Selection: Sweden    172 stations
Period: 20230415-20230515
Used {00,06,12,18} + 03 06 ... 48
 Limits    30.000000000000000        50.000000000000000        65.000000000000000        75.000000000000000        85.000000000000000        95.000000000000000        100.00000000000000     
 Each class is data <= limit, the very last > last limit
 Total number of values      282081
                                              OBSERVATION
                                   2249      290       13        1        0        0        0        0 |      2553
                                  14325    27956     3528      565      137       33        5        0 |     46549
                                   2167    24810    22272     6056     2231      837       84        0 |     58457
              43h22_ref_spring      545     7052    15713    12120     6316     2518      444        0 |     44708
                                     67     3257     9569    13505    14199     7368     1220        0 |     49185
                                      5      963     4913     8949    15638    18421     6246        0 |     55135
                                      1      102      664     1814     4542     8332     9979        0 |     25434
                                      0        0        0        0        3       21       36        0 |        60

                    SUM           19359    64430    56672    43010    43066    37530    18014        0 |    282081
                                              OBSERVATION
                                   1708      233        8        1        0        0        0        0 |      1950
                                  14704    26893     3125      492      130       25        7        0 |     45376
                                   2364    25237    21648     5777     2140      753       66        0 |     57985
             val46h1rc1_spring      459     7356    15854    12318     6426     2472      427        0 |     45312
                                    115     3324     9636    12923    13981     7452     1216        0 |     48647
                                      8     1279     5580     9532    15616    18285     5934        0 |     56234
                                      1      108      821     1967     4769     8529    10323        0 |     26518
                                      0        0        0        0        4       14       41        0 |        59

                    SUM           19359    64430    56672    43010    43066    37530    18014        0 |    282081

