 <pre>

 Contingency table for Cloud cover (octas)
 Selection: Norway     36 stations
Period: 20230415-20230515
Used {00,06,12,18} + 03 06 ... 48
 Limits   0.50000000000000000        1.5000000000000000        2.5000000000000000        3.5000000000000000        4.5000000000000000        5.5000000000000000        6.5000000000000000        7.5000000000000000     
 Each class is data <= limit, the very last > last limit
 Total number of values       43473
                                                       OBSERVATION
                                   3691     2147      913      644      336      334      308      323      312 |      9008
                                    412      269      260      223      161      215      201      240      178 |      2159
                                    295      176      125      138       92      106      182      184      169 |      1467
                                    211      129      109      121       85      102      143      184      130 |      1214
              43h22_ref_spring      194      115      106      111       78      124      146      219      139 |      1232
                                    218       94       94      100       85      122      145      278      200 |      1336
                                    200      130      114      127       80      133      204      342      242 |      1572
                                    381      175      178      175      162      218      352      609      490 |      2740
                                   1008      374      431      454      710      917     1818     5062    11971 |     22745

                    SUM            6610     3609     2330     2093     1789     2271     3499     7441    13831 |     43473
                                                       OBSERVATION
                                   3804     2313     1142      888      523      591      596      750      674 |     11281
                                    388      204      184      177      142      179      220      294      268 |      2056
                                    253      146      109       98       84      134      172      234      193 |      1423
                                    217      121       82       86       64       96      139      228      143 |      1176
             val46h1rc1_spring      152       95       80       83       64       93      112      232      170 |      1081
                                    189       92       75       88       74       97      154      241      181 |      1191
                                    223      112       83       96       73      116      176      314      242 |      1435
                                    384      175      145      153      123      153      300      538      483 |      2454
                                   1000      351      430      424      642      812     1630     4610    11477 |     21376

                    SUM            6610     3609     2330     2093     1789     2271     3499     7441    13831 |     43473

