 <pre>

 Contingency table for Visibility (m)
 Selection: Norway     37 stations
Period: 20230415-20230515
Used {00,06,12,18} + 03 06 ... 48
 Limits    1000.0000000000000        5000.0000000000000        10000.000000000000        20000.000000000000     
 Each class is data <= limit, the very last > last limit
 Total number of values       42982
                                     OBSERVATION
                                    336      270      233      169      144 |      1152
                                    372      860      773      855     1082 |      3942
              43h22_ref_spring      125      243      292      698     1152 |      2510
                                     96      176      492     1603     5219 |      7586
                                     91      464     1361     2851    23025 |     27792

                    SUM            1020     2013     3151     6176    30622 |     42982
                                     OBSERVATION
                                    319      267      219      198      185 |      1188
                                    372      847      778      871     1107 |      3975
             val46h1rc1_spring      131      251      349      806     1279 |      2816
                                    108      219      519     1755     5855 |      8456
                                     90      429     1286     2546    22196 |     26547

                    SUM            1020     2013     3151     6176    30622 |     42982

