 <pre>

 Contingency table for Visibility (m)
 Selection: Estonia     22 stations
Period: 20230415-20230515
Used {00,06,12,18} + 03 06 ... 48
 Limits    1000.0000000000000        5000.0000000000000        10000.000000000000        20000.000000000000     
 Each class is data <= limit, the very last > last limit
 Total number of values       42668
                                     OBSERVATION
                                     11        2        8        1       10 |        32
                                     40       43      197      803      350 |      1433
              43h22_ref_spring       22       16      119     1243      982 |      2382
                                     29       33      101     3886     3613 |      7662
                                     72       64      217    13908    16898 |     31159

                    SUM             174      158      642    19841    21853 |     42668
                                     OBSERVATION
                                     35       16       11        8       30 |       100
                                     31       38      198      864      365 |      1496
             val46h1rc1_spring       26       23      124     1687     1315 |      3175
                                     44       50      124     4898     4564 |      9680
                                     38       31      185    12384    15579 |     28217

                    SUM             174      158      642    19841    21853 |     42668

