 <pre>

 Contingency table for Rh2m (%)
 Selection: Norway    216 stations
Period: 20230415-20230515
Used {00,06,12,18} + 03 06 ... 48
 Limits    30.000000000000000        50.000000000000000        65.000000000000000        75.000000000000000        85.000000000000000        95.000000000000000        100.00000000000000     
 Each class is data <= limit, the very last > last limit
 Total number of values      405955
                                              OBSERVATION
                                    735      487       16        3        1        0        0        0 |      1242
                                   6910    28639     6491     1054      389      107       33        0 |     43623
                                    942    23643    35170    13084     6040     2165      252        0 |     81296
              43h22_ref_spring      122     6406    24672    21229    14700     6568     1061        0 |     74758
                                     11     1715    11404    19690    24515    16833     3289        0 |     77457
                                      2      444     3793     9916    22063    35699    13612        0 |     85529
                                      0       54      427     1537     5017    17417    17276        0 |     41728
                                      0        0        0        0        8       46      268        0 |       322

                    SUM            8722    61388    81973    66513    72733    78835    35791        0 |    405955
                                              OBSERVATION
                                    562      481       15        3        0        0        0        0 |      1061
                                   7063    28263     6599     1143      388      125       37        0 |     43618
                                    963    24312    35724    14009     6366     2266      291        0 |     83931
             val46h1rc1_spring      120     6120    24274    20947    15262     6808     1028        0 |     74559
                                     12     1695    10994    19037    23869    16799     3267        0 |     75673
                                      2      467     3930     9752    21568    35033    13635        0 |     84387
                                      0       50      437     1622     5276    17771    17334        0 |     42490
                                      0        0        0        0        4       33      199        0 |       236

                    SUM            8722    61388    81973    66513    72733    78835    35791        0 |    405955

