 <pre>

 Contingency table for Visibility (m)
 Selection: METCOOP    266 stations
Period: 20230415-20230515
Used {00,06,12,18} + 03 06 ... 48
 Limits    1000.0000000000000        5000.0000000000000        10000.000000000000        20000.000000000000     
 Each class is data <= limit, the very last > last limit
 Total number of values      427414
                                     OBSERVATION
                                   1502     2160     1149     1200     1701 |      7712
                                   2698     9608     5185     7648    19296 |     44435
              43h22_ref_spring      426     1238     1406     3821    19117 |     26008
                                    339      797     1442     7441    58412 |     68431
                                    512     1594     2971    26109   249642 |    280828

                    SUM            5477    15397    12153    46219   348168 |    427414
                                     OBSERVATION
                                   1637     2224     1106     1230     1864 |      8061
                                   2659     9688     5339     7901    20380 |     45967
             val46h1rc1_spring      450     1286     1612     4531    22681 |     30560
                                    395      978     1646     8635    69074 |     80728
                                    336     1221     2450    23922   234169 |    262098

                    SUM            5477    15397    12153    46219   348168 |    427414

