 <pre>

 Contingency table for Cloud base (m)
 Selection: Norway     33 stations
Period: 20230415-20230515
Used {00,06,12,18} + 03 06 ... 48
 Limits    70.000000000000000        150.00000000000000        300.00000000000000        600.00000000000000        1000.0000000000000        1500.0000000000000        2500.0000000000000        5000.0000000000000     
 Each class is data <= limit, the very last > last limit
 Total number of values       18624
                                                       OBSERVATION
                                    166       86      223       33       18        4       22        0        0 |       552
                                     70      114      202       30       12        2       14        0        0 |       444
                                     50       96      438      125       28        3       19        0        0 |       759
                                    103      136     1020      402       91       49       46        0        0 |      1847
              43h22_ref_spring       81      125     1253      814      281      149       90        0        0 |      2793
                                     71       66      608      625      434      231      183        0        0 |      2218
                                     32       37      443      499      425      326      472        0        0 |      2234
                                     14       19      206      271      296      159      362        0        0 |      1327
                                     97       88     1017     1601     1434      845     1368        0        0 |      6450

                    SUM             684      767     5410     4400     3019     1768     2576        0        0 |     18624
                                                       OBSERVATION
                                    176       89      233       42       26        7       34        0        0 |       607
                                     65      107      203       25       22        7       13        0        0 |       442
                                     54      103      417      104       31        1       20        0        0 |       730
                                     87      120      825      312       77       28       30        0        0 |      1479
             val46h1rc1_spring       85       93      952      478      167      115       69        0        0 |      1959
                                     74       68      582      571      327      177      138        0        0 |      1937
                                     32       47      443      461      374      245      310        0        0 |      1912
                                     11       21      298      292      310      158      320        0        0 |      1410
                                    100      119     1457     2115     1685     1030     1642        0        0 |      8148

                    SUM             684      767     5410     4400     3019     1768     2576        0        0 |     18624

