 <pre>

 Contingency table for Low clouds (octas)
 Selection: Norway     36 stations
Period: 20230415-20230515
Used {00,06,12,18} + 03 06 ... 48
 Limits    1.0000000000000000        2.0000000000000000        3.0000000000000000        4.0000000000000000        5.0000000000000000        6.0000000000000000        7.0000000000000000     
 Each class is data <= limit, the very last > last limit
 Total number of values       32224
                                              OBSERVATION
                                  10671     1139      748      632      524      576      543      438 |     15271
                                    420      120      107      121      115      150      159      141 |      1333
                                    298       75      100       86      118      115      142      104 |      1038
              43h22_ref_spring      242       79       79       92      117      110      128      141 |       988
                                    231       85       60       79      106       97      167      147 |       972
                                    231       85       77      103      134      143      197      150 |      1120
                                    286       95      114      133      154      189      321      248 |      1540
                                    860      573      486      599      786     1136     2720     2802 |      9962

                    SUM           13239     2251     1771     1845     2054     2516     4377     4171 |     32224
                                              OBSERVATION
                                  11500     1375      965      916      872      912     1014      883 |     18437
                                    266       84      111       79      140      126      147      158 |      1111
                                    174       54       58       83       80      112      127      118 |       806
             val46h1rc1_spring      130       47       60       67       80       71      132       99 |       686
                                    127       62       56       66       67       86      108      104 |       676
                                    124       50       52       54       59       70      142      128 |       679
                                    142       79       75       86       79      129      224      187 |      1001
                                    776      500      394      494      677     1010     2483     2494 |      8828

                    SUM           13239     2251     1771     1845     2054     2516     4377     4171 |     32224

