 <pre>

 Contingency table for Cloud base (m)
 Selection: Sweden    124 stations
Period: 20230415-20230515
Used {00,06,12,18} + 03 06 ... 48
 Limits    70.000000000000000        150.00000000000000        300.00000000000000        600.00000000000000        1000.0000000000000        1500.0000000000000        2500.0000000000000        5000.0000000000000     
 Each class is data <= limit, the very last > last limit
 Total number of values       56540
                                                       OBSERVATION
                                    632      997      595      216       75       35       68       19        6 |      2643
                                    182      631      690      191       69       30       39        6        2 |      1840
                                    143      622     1444      627      144       60       76       22        4 |      3142
                                    158      340     1451     2015      740      315      186       60        8 |      5273
              43h22_ref_spring      111      172      468      882     1000      685      351      134       25 |      3828
                                     57       94      233      384      496     1229     1173      278       34 |      3978
                                     67       61      135      273      324     1061     4433     2040      124 |      8518
                                     52       46       75      108      139      403     1547     2993      200 |      5563
                                    285      182      363      538      736     1958     7546     8273     1874 |     21755

                    SUM            1687     3145     5454     5234     3723     5776    15419    13825     2277 |     56540
                                                       OBSERVATION
                                    710     1016      611      231       82       56       90       22        7 |      2825
                                    205      696      780      224       66       33       40       12        3 |      2059
                                    131      598     1395      602      136       65       91       18        1 |      3037
                                    133      319     1269     1674      576      228      146       44        7 |      4396
             val46h1rc1_spring       83      124      466      869      826      470      271       93       19 |      3221
                                     45       72      241      420      477     1078      874      218       31 |      3456
                                     43       59      174      308      378      937     3402     1401       85 |      6787
                                     47       46       97      181      193      469     1541     2220      141 |      4935
                                    290      215      421      725      989     2440     8964     9797     1983 |     25824

                    SUM            1687     3145     5454     5234     3723     5776    15419    13825     2277 |     56540

