 <pre>

 Contingency table for Cloud cover (octas)
 Selection: Finland     69 stations
Period: 20230415-20230515
Used {00,06,12,18} + 03 06 ... 48
 Limits   0.50000000000000000        1.5000000000000000        2.5000000000000000        3.5000000000000000        4.5000000000000000        5.5000000000000000        6.5000000000000000        7.5000000000000000     
 Each class is data <= limit, the very last > last limit
 Total number of values      132868
                                                       OBSERVATION
                                  25223     1554      555      597      406      573      322     1340      737 |     31307
                                   4867      708      288      356      209      442      207      961      555 |      8593
                                   2994      494      192      235      126      282      163      721      400 |      5607
                                   2413      469      174      186      133      240      139      743      404 |      4901
              43h22_ref_spring     2289      392      184      266      130      299      153      754      400 |      4867
                                   2193      467      172      243      136      279      169      902      466 |      5027
                                   2644      575      195      306      155      412      219     1152      672 |      6330
                                   4038      876      312      455      256      586      356     2064     1090 |     10033
                                  10201     3282     1128     1914     1167     2817     1593    15228    18873 |     56203

                    SUM           56862     8817     3200     4558     2718     5930     3321    23865    23597 |    132868
                                                       OBSERVATION
                                  29452     2510     1010     1070      663     1173      630     2833     1562 |     40903
                                   3466      582      217      324      189      393      179     1098      611 |      7059
                                   2280      387      166      213      126      266      142      746      416 |      4742
                                   1861      333      113      180      100      211      125      671      415 |      4009
             val46h1rc1_spring     1815      329      121      174      104      217      142      712      387 |      4001
                                   1920      352      137      170      119      255      144      763      449 |      4309
                                   2337      424      146      208      124      312      173      977      505 |      5206
                                   3796      738      213      369      219      426      282     1728      969 |      8740
                                   9935     3162     1077     1850     1074     2677     1504    14337    18283 |     53899

                    SUM           56862     8817     3200     4558     2718     5930     3321    23865    23597 |    132868

