 <pre>

 Contingency table for Low clouds (octas)
 Selection: METCOOP    230 stations
Period: 20230415-20230515
Used {00,06,12,18} + 03 06 ... 48
 Limits    1.0000000000000000        2.0000000000000000        3.0000000000000000        4.0000000000000000        5.0000000000000000        6.0000000000000000        7.0000000000000000     
 Each class is data <= limit, the very last > last limit
 Total number of values      331995
                                              OBSERVATION
                                 201759     3047     2440     1767     1781     1687     2852     4368 |    219701
                                   6530      439      446      405      430      366      870     1177 |     10663
                                   4693      389      406      319      407      332      779      912 |      8237
              43h22_ref_spring     3804      367      424      305      411      322      805     1002 |      7440
                                   3264      342      366      308      388      334      807     1061 |      6870
                                   3107      367      388      336      483      371      933     1192 |      7177
                                   3543      441      569      465      604      507     1285     1957 |      9371
                                   9252     2446     3498     2563     3959     3064     8467    29287 |     62536

                    SUM          235952     7838     8537     6468     8463     6983    16798    40956 |    331995
                                              OBSERVATION
                                 214649     3962     3423     2633     2799     2515     4826     6971 |    241778
                                   3327      349      425      284      436      352      810     1064 |      7047
                                   2231      256      295      265      303      303      667      813 |      5133
             val46h1rc1_spring     1752      244      237      212      277      215      593      684 |      4214
                                   1559      206      243      216      272      220      496      776 |      3988
                                   1542      242      257      220      279      189      629      862 |      4220
                                   2084      290      350      307      364      343      830     1440 |      6008
                                   8808     2289     3307     2331     3733     2846     7947    28346 |     59607

                    SUM          235952     7838     8537     6468     8463     6983    16798    40956 |    331995

