 <pre>

 Contingency table for Visibility (m)
 Selection: Finland     69 stations
Period: 20230415-20230515
Used {00,06,12,18} + 03 06 ... 48
 Limits    1000.0000000000000        5000.0000000000000        10000.000000000000        20000.000000000000     
 Each class is data <= limit, the very last > last limit
 Total number of values      132860
                                     OBSERVATION
                                    271      665      310      577      617 |      2440
                                    773     2008     1360     3852     6941 |     14934
              43h22_ref_spring       90      277      295     1856     5627 |      8145
                                     87      246      295     4084    15908 |     20620
                                    155      372      409    18012    67773 |     86721

                    SUM            1376     3568     2669    28381    96866 |    132860
                                     OBSERVATION
                                    349      676      332      572      681 |      2610
                                    736     2050     1404     4020     7221 |     15431
             val46h1rc1_spring       88      271      294     2159     6814 |      9626
                                    108      269      314     4727    19282 |     24700
                                     95      302      325    16903    62868 |     80493

                    SUM            1376     3568     2669    28381    96866 |    132860

