 <pre>

 Contingency table for Rh2m (%)
 Selection: ALL   1052 stations
Period: 20230415-20230515
Used {00,06,12,18} + 03 06 ... 48
 Limits    30.000000000000000        50.000000000000000        65.000000000000000        75.000000000000000        85.000000000000000        95.000000000000000        100.00000000000000     
 Each class is data <= limit, the very last > last limit
 Total number of values     1923923
                                              OBSERVATION
                                  11277     3306      102       19       10        0        0        0 |     14714
                                  67015   165573    29124     4675     1679      742      138        0 |    268946
                                   8676   136184   161202    52655    20257     7963     1141        0 |    388078
              43h22_ref_spring     1436    35108   106567    96456    56662    22735     3867        0 |    322831
                                    276    13049    56006    87661   114632    64918    11657        0 |    348199
                                     41     3810    23379    47461   105086   161417    54917        0 |    396111
                                      4      278     2891     8142    22412    68325    80355        0 |    182407
                                      0        0        0        4       56      503     2074        0 |      2637

                    SUM           88725   357308   379271   297073   320794   326603   154149        0 |   1923923
                                              OBSERVATION
                                  10050     2825       87       15       12        0        0        0 |     12989
                                  68336   162968    28664     4820     1666      742      131        0 |    267327
                                   8735   139132   161701    53759    20446     7876     1140        0 |    392789
             val46h1rc1_spring     1247    35374   105624    95713    58149    23041     3707        0 |    322855
                                    321    12624    55080    85689   112932    65419    11697        0 |    343762
                                     34     4085    25046    48559   104352   160371    54912        0 |    397359
                                      2      300     3069     8516    23206    68707    80664        0 |    184464
                                      0        0        0        2       31      447     1898        0 |      2378

                    SUM           88725   357308   379271   297073   320794   326603   154149        0 |   1923923

