 <pre>

 Contingency table for Cloud base (m)
 Selection: METCOOP    226 stations
Period: 20230415-20230515
Used {00,06,12,18} + 03 06 ... 48
 Limits    70.000000000000000        150.00000000000000        300.00000000000000        600.00000000000000        1000.0000000000000        1500.0000000000000        2500.0000000000000        5000.0000000000000     
 Each class is data <= limit, the very last > last limit
 Total number of values      121028
                                                       OBSERVATION
                                   1170     1618     1458      436      195      132      236      155       16 |      5416
                                    390     1268     1529      418      237      111      169       95        5 |      4222
                                    252     1080     2910     1317      459      265      280      124       17 |      6704
                                    317      659     3296     3530     1498      877      627      279       47 |     11130
              43h22_ref_spring      243      384     1985     2158     2030     1771     1328      585       76 |     10560
                                    162      201      945     1199     1304     2689     3136     1070       98 |     10804
                                    162      140      652      898      984     2094     8123     4207      290 |     17550
                                    104       96      379      442      563      740     2692     5233      403 |     10652
                                    615      442     1670     2488     2712     4094    14415    14742     2812 |     43990

                    SUM            3415     5888    14824    12886     9982    12773    31006    26490     3764 |    121028
                                                       OBSERVATION
                                   1319     1675     1525      487      213      178      316      181       18 |      5912
                                    408     1313     1631      463      267      147      179       85        6 |      4499
                                    248     1036     2750     1222      462      282      316      121       12 |      6449
                                    257      610     2846     2907     1167      650      505      233       50 |      9225
             val46h1rc1_spring      196      324     1689     1839     1624     1312      935      374       48 |      8341
                                    151      189      918     1199     1158     2240     2193      779       69 |      8896
                                    114      131      707      902      981     1919     6326     2946      188 |     14214
                                     87       92      492      564      661      861     2706     4042      285 |      9790
                                    635      518     2266     3303     3449     5184    17530    17729     3088 |     53702

                    SUM            3415     5888    14824    12886     9982    12773    31006    26490     3764 |    121028

