 <pre>

 Contingency table for Cloud base (m)
 Selection: Finland     69 stations
Period: 20230415-20230515
Used {00,06,12,18} + 03 06 ... 48
 Limits    70.000000000000000        150.00000000000000        300.00000000000000        600.00000000000000        1000.0000000000000        1500.0000000000000        2500.0000000000000        5000.0000000000000     
 Each class is data <= limit, the very last > last limit
 Total number of values       45864
                                                       OBSERVATION
                                    372      535      640      187      102       93      146      136       10 |      2221
                                    138      523      637      197      156       79      116       89        3 |      1938
                                     59      362     1028      565      287      202      185      102       13 |      2803
                                     56      183      825     1113      667      513      395      219       39 |      4010
              43h22_ref_spring       51       87      264      462      749      937      887      451       51 |      3939
                                     34       41      104      190      374     1229     1780      792       64 |      4608
                                     63       42       74      126      235      707     3218     2167      166 |      6798
                                     38       31       98       63      128      178      783     2240      203 |      3762
                                    233      172      290      349      542     1291     5501     6469      938 |     15785

                    SUM            1044     1976     3960     3252     3240     5229    13011    12665     1487 |     45864
                                                       OBSERVATION
                                    433      570      681      214      105      115      192      159       11 |      2480
                                    138      510      648      214      179      107      126       73        3 |      1998
                                     63      335      938      516      295      216      205      103       11 |      2682
                                     37      171      752      921      514      394      329      189       43 |      3350
             val46h1rc1_spring       28      107      271      492      631      727      595      281       29 |      3161
                                     32       49       95      208      354      985     1181      561       38 |      3503
                                     39       25       90      133      229      737     2614     1545      103 |      5515
                                     29       25       97       91      158      234      845     1822      144 |      3445
                                    245      184      388      463      775     1714     6924     7932     1105 |     19730

                    SUM            1044     1976     3960     3252     3240     5229    13011    12665     1487 |     45864

