 <pre>

 Contingency table for Low clouds (octas)
 Selection: Finland     69 stations
Period: 20230415-20230515
Used {00,06,12,18} + 03 06 ... 48
 Limits    1.0000000000000000        2.0000000000000000        3.0000000000000000        4.0000000000000000        5.0000000000000000        6.0000000000000000        7.0000000000000000     
 Each class is data <= limit, the very last > last limit
 Total number of values      121277
                                              OBSERVATION
                                  68674      349      533      258      534      251     1365     1433 |     73397
                                   3234       91      163       65      156       65      434      449 |      4657
                                   2410       82      147       66      142       68      406      364 |      3685
              43h22_ref_spring     2068       88      182       46      140       77      482      390 |      3473
                                   1820       66      151       51      166       76      462      410 |      3202
                                   1774       64      172       55      201       87      545      491 |      3389
                                   2044       74      262       71      268      107      734      835 |      4395
                                   5319      226     1804      236     1936      381     3663    11514 |     25079

                    SUM           87343     1040     3414      848     3543     1112     8091    15886 |    121277
                                              OBSERVATION
                                  75955      574      923      415      929      415     2393     2448 |     84052
                                   1578       66      177       38      145       79      459      425 |      2967
                                   1051       44      118       44      118       62      357      317 |      2111
             val46h1rc1_spring      905       45       89       35       93       51      329      273 |      1820
                                    826       26      101       33      108       55      266      321 |      1736
                                    863       37      123       30      118       39      334      327 |      1871
                                   1154       38      154       47      166       64      431      610 |      2664
                                   5011      210     1729      206     1866      347     3522    11165 |     24056

                    SUM           87343     1040     3414      848     3543     1112     8091    15886 |    121277

