 <pre>

 Contingency table for Cloud cover (octas)
 Selection: ALL    617 stations
Period: 20230415-20230515
Used {00,06,12,18} + 03 06 ... 48
 Limits   0.50000000000000000        1.5000000000000000        2.5000000000000000        3.5000000000000000        4.5000000000000000        5.5000000000000000        6.5000000000000000        7.5000000000000000     
 Each class is data <= limit, the very last > last limit
 Total number of values     1058761
                                                       OBSERVATION
                                 175792    20851    17142     8932     4574     5948     6550     8392     9006 |    257187
                                  27585     5275     6072     4154     2323     3630     4408     5966     6109 |     65522
                                  15608     3091     3653     2633     1543     2665     3505     4628     4872 |     42198
                                  13075     2695     3253     2451     1577     2602     3711     4812     4699 |     38875
              43h22_ref_spring    11829     2525     2995     2447     1599     2800     3962     5428     5037 |     38622
                                  11185     2381     2933     2438     1565     2838     4147     6235     6171 |     39893
                                  13022     2788     3205     2723     1721     3225     5117     8024     8374 |     48199
                                  19499     3904     4199     3736     2517     4542     7579    13714    15517 |     75207
                                  49439    13357    11440    11736     8920    17014    28859    94329   217964 |    453058

                    SUM          337034    56867    54892    41250    26339    45264    67838   151528   277749 |   1058761
                                                       OBSERVATION
                                 202380    27561    25476    14844     7945    11540    13798    19203    20005 |    342752
                                  18805     3748     4285     3394     2223     3632     4938     7116     7338 |     55479
                                  11610     2261     2668     2067     1337     2394     3477     4983     5110 |     35907
                                   9590     1892     2291     1773     1213     2072     3080     4482     4620 |     31013
             val46h1rc1_spring     8752     1695     2009     1741     1136     2040     2912     4578     4693 |     29556
                                   9044     1760     1895     1620     1127     1962     3169     4993     5441 |     31011
                                  11300     2064     2289     1906     1180     2343     3760     6375     7295 |     38512
                                  17747     3238     3340     2992     1997     3521     5879    11005    13623 |     63342
                                  47806    12648    10639    10913     8181    15760    26825    88793   209624 |    431189

                    SUM          337034    56867    54892    41250    26339    45264    67838   151528   277749 |   1058761

