 <pre>

 Contingency table for Cloud base (m)
 Selection: ALL    621 stations
Period: 20230415-20230515
Used {00,06,12,18} + 03 06 ... 48
 Limits    70.000000000000000        150.00000000000000        300.00000000000000        600.00000000000000        1000.0000000000000        1500.0000000000000        2500.0000000000000        5000.0000000000000     
 Each class is data <= limit, the very last > last limit
 Total number of values      450155
                                                       OBSERVATION
                                   3846     3546     2558     1129      676      344      452      513       97 |     13161
                                   1390     3421     3719     1528      790      361      365      348       30 |     11952
                                    845     3479     8406     5981     2144      865      735      588       67 |     23110
                                    689     1926     7655    13477     7329     2726     1579     1150      202 |     36733
              43h22_ref_spring      603     1056     3633     7374    13690     7539     3982     2611      703 |     41191
                                    490      648     1944     4399    11201    13771    10040     5731     1126 |     49350
                                    498      587     1527     3588    13358    10754    20937    19590     1495 |     72334
                                    249      271      866     1855     4828     3181     6145    17224     1236 |     35855
                                   1794     1444     3599     8404    24274    20698    29884    51823    24549 |    166469

                    SUM           10404    16378    33907    47735    78290    60239    74119    99578    29505 |    450155
                                                       OBSERVATION
                                   3914     3488     2617     1175      796      407      550      617      107 |     13671
                                   1458     3310     3673     1611      809      386      371      333       27 |     11978
                                    916     3466     7838     5343     1998      841      729      515       56 |     21702
                                    674     1810     6916    11392     5711     2016     1204      933      149 |     30805
             val46h1rc1_spring      483      968     3352     6646     9435     4814     2457     1535      321 |     30011
                                    380      638     1993     4433    10143    11561     7493     4039      721 |     41401
                                    373      567     1593     3546    11632     9942    17105    14026      965 |     59749
                                    207      278     1002     2178     4965     3313     6182    12748      832 |     31705
                                   1999     1853     4923    11411    32801    26959    38028    64832    26327 |    209133

                    SUM           10404    16378    33907    47735    78290    60239    74119    99578    29505 |    450155

