 <pre>

 Contingency table for Low clouds (octas)
 Selection: ALL    630 stations
Period: 20230415-20230515
Used {00,06,12,18} + 03 06 ... 48
 Limits    1.0000000000000000        2.0000000000000000        3.0000000000000000        4.0000000000000000        5.0000000000000000        6.0000000000000000        7.0000000000000000     
 Each class is data <= limit, the very last > last limit
 Total number of values      959528
                                              OBSERVATION
                                 481386    23914    14598     8527    10000    10196    11063    14548 |    574232
                                  18059     2553     2205     1540     1897     1980     2861     3913 |     35008
                                  13353     2152     1926     1407     1705     1929     2662     3344 |     28478
              43h22_ref_spring    11236     2032     1923     1408     1831     1862     2763     3429 |     26484
                                   9560     1899     1718     1273     1710     1832     2919     3762 |     24673
                                   9504     2002     1968     1441     1860     2043     3317     4521 |     26656
                                  11426     2572     2526     1932     2495     2922     5024     7437 |     36334
                                  31114     9929    11133     8246    11885    13980    31526    89850 |    207663

                    SUM          585638    47053    37997    25774    33383    36744    62135   130804 |    959528
                                              OBSERVATION
                                 522939    30521    20259    12696    14937    15442    19334    26166 |    662294
                                   7944     1681     1639     1151     1538     1763     2525     3390 |     21631
                                   5477     1240     1254      952     1154     1436     2069     2621 |     16203
             val46h1rc1_spring     4533     1052     1025      809     1048     1129     1792     2272 |     13660
                                   4222     1002     1009      750     1027     1102     1725     2399 |     13236
                                   4606     1145     1066      829     1052     1190     2016     2950 |     14854
                                   6771     1525     1423     1116     1486     1702     2961     4923 |     21907
                                  29146     8887    10322     7471    11141    12980    29713    86083 |    195743

                    SUM          585638    47053    37997    25774    33383    36744    62135   130804 |    959528

